sensor_pol_coeffs: 4
sensor1_coeff0: -9.2238494566433534e-09
sensor1_coeff1: 9.8111658831155355e-06
sensor1_coeff2: -0.0035941986605510074
sensor1_coeff3: 0.52824532615479436
sensor2_coeff0: -1.4394743198641844e-08
sensor2_coeff1: 1.4540300079002111e-05
sensor2_coeff2: -0.0049405834886515152
sensor2_coeff3: 0.64832359692047448
sensor4_coeff0: -2.1668024226177501e-08
sensor4_coeff1: 2.4299253269069107e-05
sensor4_coeff2: -0.0093559491183940503
sensor4_coeff3: 1.3807023729950685
sensor5_coeff0: -4.9148398137496627e-08
sensor5_coeff1: 4.151384325655785e-05
sensor5_coeff2: -0.012185533139093908
sensor5_coeff3: 1.4377103351323166
sensor7_coeff0: -3.6341843969642266e-09
sensor7_coeff1: 5.1824340789251742e-06
sensor7_coeff2: -0.0025257445960694814
sensor7_coeff3: 0.46976365736619163
sensor8_coeff0: -9.1235299252030123e-09
sensor8_coeff1: 9.8587398729801357e-06
sensor8_coeff2: -0.0036349425896202337
sensor8_coeff3: 0.53332341295677543
